hash_size_cnt_1000000
118397
166641
111875
104771
71161
55520
38400
27710
19531
13591
9925
7387
5687
4658
4197
3716
3228
2549
2098
1681
1296
1042
893
681
583
493
408
355
284
292
239
208
215
167
145
109
93
85
78
65
54
53
43
33
14
31
36
24
33
32
41
20
31
17
28
17
13
14
19
9
8
7
11
8
9
9
13
8
10
9
7
13
7
4
3
2
6
5
2
5
2
5
1
3
1
1
3
3
1
0
1
2
1
2
1
1
1
0
0
1
0
0
0
2
3
0
1
1
0
0
1
0
0
0
0
1
1
2
1
0
1
0
0
0
0
0
2
0
1
0
0
0
0
0
0
0
0
0
0
0
0
0
0
0
1
2
0
2
0
1
0
0
0
0
0
0
0
0
0
0
0
0
0
0
0
0
0
0
0
0
0
0
0
0
1
0
0
0
0
2
0
0
0
0
1
0
0
1
0
0
2
1
