hash_size_cnt_500000
25991
43551
43800
50021
46829
44407
38699
33307
27846
22775
18189
14136
11432
9114
7318
5994
5161
4285
3699
3066
2524
2137
1821
1492
1234
966
891
705
651
516
438
417
334
294
262
213
202
157
135
134
128
102
88
65
66
54
48
34
37
37
44
19
40
36
33
24
22
23
16
21
16
11
14
15
12
9
9
11
5
13
6
10
12
9
3
4
11
9
4
6
6
3
7
3
2
2
4
3
1
0
2
1
1
1
1
1
1
0
0
0
1
1
0
1
0
1
1
0
0
0
0
0
0
0
0
0
2
3
2
2
0
2
1
0
0
2
2
1
0
0
1
0
0
0
0
0
0
0
0
0
0
0
0
0
0
0
1
2
1
1
0
0
0
0
0
0
0
0
0
0
0
0
0
0
0
1
0
0
0
0
0
1
1
1
1
1
1
2
1
2
1
1
0
0
0
0
0
0
0
0
0
0
