hash_size_cnt_750000
71548
106606
85302
84985
66235
54525
41335
31856
23593
17718
13126
9888
7512
5996
4900
4239
3555
3083
2590
2105
1690
1369
1148
927
816
634
563
473
399
319
299
249
234
222
167
127
152
111
90
92
62
55
50
40
44
28
34
30
38
34
29
31
28
26
24
29
26
13
8
10
14
11
11
11
12
8
8
14
5
8
6
7
4
8
11
3
6
6
7
3
4
3
1
2
3
2
2
0
0
1
1
0
0
1
0
1
2
0
0
1
1
1
0
0
1
0
1
0
0
1
0
0
0
0
1
1
2
1
3
0
2
1
3
1
0
0
2
1
0
0
0
0
0
1
0
0
0
0
0
0
0
0
0
0
0
1
0
0
2
1
0
0
0
0
0
0
0
0
0
0
0
0
0
0
0
0
0
0
0
0
0
1
1
0
0
0
1
0
0
0
0
0
1
2
1
1
1
1
1
1
0
0
